12503.56
12456.21
12589.67
12666.56
12561.79
12385.55
12463.42
12528.57
12794.59
13128.66
13263.99
13604.07
13470.47
13505.37
13792.83
13698.38
13502.50
13569.74
13838.25
13976.18
13939.30
14041.72
14481.88
14489.45
14706.02
14680.58
14644.27
14587.92
14617.54
14822.59
14806.74
14806.74
14776.92
14726.97
14700.59
14344.91
14428.95
14022.29
13940.76
13974.91
13918.50
13865.70
13390.77
13073.31
13647.40
13533.19
13502.34
13288.85
13007.43
13127.09
12913.72
12402.23
12392.82
12914.67
13208.56
13183.11
12597.69
12531.86
12536.12
12050.14
12143.44
12179.30
12079.68
12125.08
12125.08
12125.08
12125.08
12200.56
12061.39
12235.62
12235.62
12511.21
12321.47
12265.13
12394.91
12275.82
12275.82
11795.39
11997.58
11994.78
11795.85
12015.93
11856.35
11895.87
11648.51
11425.92
11566.24
11412.09
11498.63
11430.18
11573.14
11778.00
11864.13
12145.20
12325.83
12089.26
12085.22
12004.42
12062.46
12259.24
12290.99
12381.44
12531.79
12535.15
12527.14
12527.14
12341.69
12289.48
12289.48
12054.58
11896.29
11818.21
11992.62
11742.35
11923.37
12019.12
12072.26
11965.33
11935.47
11935.47
11913.66
11908.30
11984.77
12014.13
12171.20
12289.17
12190.10
12154.43
12340.45
12253.97
12253.97
12162.88
12131.40
12131.40
11898.70
11937.44
12045.02
12105.18
11924.24
11952.05
11885.65
11791.97
11903.99
11912.02
11861.90
11927.09
11927.09
11819.82
11703.60
11766.67
11829.44
11736.78
11615.15
11624.65
11687.82
11785.29
11783.82
11821.65
11900.26
12137.17
12215.09
12124.64
12018.63
12078.34
12042.15
12089.87
12033.78
11950.85
12094.20
12000.40
11916.93
11865.43
11830.31
11703.07
11792.39
11876.09
11749.27
11750.66
11778.08
11778.95
11809.69
11837.89
11750.47
11750.47
11604.39
11390.94
11488.38
11242.98
11230.47
11129.71
11210.88
11048.96
10834.32
10987.87
10894.58
10759.42
11028.48
10923.44
10725.28
10825.22
10826.03
10826.03
10826.03
11065.09
11109.84
11050.73
10960.41
10905.35
10908.90
10716.99
10425.51
10744.68
10694.30
10582.92
10594.56
10478.34
10554.66
10477.54
10538.03
10749.89
10722.40
10694.49
10700.61
10571.90
10571.90
10463.65
10616.46
10645.47
10656.00
10656.00
10864.43
10800.65
10881.93
10719.20
10667.51
10640.85
10775.20
10536.13
10433.39
10477.39
10477.39
10477.39
10442.55
10327.40
10404.09
10404.09
10371.31
10287.15
10530.49
10550.62
10413.58
10379.72
10379.72
10714.67
10911.56
10986.23
10779.66
11020.24
11044.88
11016.24
10962.69
10893.01
10893.01
11059.71
11059.71
11077.07
11155.31
11194.37
11151.54
11112.43
10979.98
11099.27
11008.39
10911.41
10706.37
10795.37
10813.61
10716.10
10746.02
10600.04
10513.66
10572.99
10493.85
10402.44
10339.38
10394.65
10394.65
10459.51
10430.78
10395.88
10541.79
10629.13
10672.55
10632.59
10464.31
10340.38
10397.05
10222.97
10220.13
10016.73
9938.97
9973.23
9794.60
9514.66
9689.34
9767.12
9755.84
9793.86
9823.42
9826.88
9743.63
9586.06
9732.60
9905.48
9841.39
9933.41
10030.43
10014.13
9971.06
9971.06
9971.06
9946.54
10108.33
10025.52
9899.81
9616.75
9597.44
9597.44
9639.95
9601.87
9759.71
9759.71
9744.16
9640.78
9699.76
9699.76
9660.19
9607.60
9683.98
9639.84
9569.43
9670.99
9620.52
9590.20
9504.88
9400.22
9222.14
9127.50
9117.78
9205.84
9223.39
9175.68
9143.91
9094.25
9056.82
9046.07
9032.88
8994.75
8888.88
8867.88
8727.89
8570.76
8570.76
8570.76
8492.06
8269.87
8224.12
8035.62
8027.85
8170.91
8280.42
8129.49
8080.23
8226.73
8274.44
8271.70
8384.87
8375.73
8334.11
8128.38
8054.25
8065.10
7908.03
7917.95
7917.95
7929.17
7904.83
7919.87
8083.17
7992.31
7963.72
7989.64
7952.83
8010.72
8075.11
8123.50
8152.32
8119.44
8083.78
8043.28
8080.39
8048.56
7976.31
7871.30
7840.70
7875.23
7956.28
7956.28
7844.42
7731.03
7685.32
7709.37
7610.35
7660.30
7680.14
7666.03
7557.70
7604.40
7545.16
7540.99
7456.30
7519.43
7540.86
7449.32
7324.94
7260.65
6936.51
6733.57
6788.16
6488.01
6492.39
6644.08
6763.40
6661.45
6771.50
6957.14
7128.12
7220.84
7255.50
7255.50
7316.27
7260.85
7231.88
7340.62
7340.62
7261.65
7349.81
7525.33
7542.80
7528.88
7454.34
7454.34
7698.30
7708.92
7614.29
7790.08
7931.32
7967.36
7856.61
7856.61
7774.80
7668.33
7768.01
7768.01
7791.25
7902.89
7953.21
8022.30
8055.15
7979.71
7996.53
8081.44
8093.70
7989.26
7943.52
8001.09
7931.50
7847.59
7882.13
7863.95
7850.08
7825.44
7708.42
7762.26
7790.75
7678.26
7704.29
7773.52
7908.86
7898.88
7818.49
7895.11
7886.02
7847.68
7793.70
7763.32
7757.46
7653.20
7632.54
7662.46
7662.46
7662.46
7662.46
7780.61
7831.49
7831.49
7831.49
7795.00
7939.52
7958.46
7867.87
7837.70
7741.05
7682.64
7679.31
7606.60
7750.02
7794.83
7883.06
7907.15
7869.13
7878.13
7775.13
7734.73
7723.47
7841.08
7730.85
7653.90
7660.57
7707.85
7613.00
7594.70
7636.80
7565.09
7540.67
7540.52
7540.52
7459.91
7520.62
7435.28
7427.63
7290.96
7283.78
7226.63
7195.36
7173.45
7295.95
7375.30
7448.82
7519.92
7645.98
7660.14
7670.37
7734.15
7840.50
7849.29
7824.07
7804.52
7829.65
7875.85
7933.65
7890.91
7814.62
7756.74
7848.18
7801.12
7776.51
7807.54
7807.54
7807.54
7807.54
7721.59
7682.62
7699.68
7697.44
7682.45
7747.36
7689.83
7656.51
7624.61
7625.12
7677.53
7688.25
7696.73
7706.53
7697.81
7659.29
7626.71
7626.71
7594.00
7578.11
7531.69
7531.69
7284.09
7297.67
7225.38
7161.97
7337.54
7318.50
7274.66
7243.10
7310.27
7300.96
7313.38
7320.57
7298.05
7327.23
7333.15
7356.73
7388.72
7386.04
7422.45
7418.10
7418.10
7280.48
7268.95
7189.01
7255.11
7184.95
7122.83
7122.83
7135.78
7062.82
6972.62
6867.21
6957.71
6990.24
6977.76
6956.81
6895.64
6782.77
6877.06
6768.72
6789.55
6809.25
6761.86
6619.41
6495.10
6548.95
6671.11
6707.05
6690.49
6703.59
6621.61
6621.61
6537.70
6515.02
6548.00
6513.65
6329.42
6202.59
6142.14
5995.71
6063.01
6061.93
6201.00
6120.46
6145.65
6117.65
6011.66
5868.66
5872.41
5793.61
5911.76
6020.48
6013.91
5993.15
5958.61
5958.61
5901.26
5950.67
5950.60
5980.47
6138.03
6139.35
6119.12
6180.90
6117.00
6097.13
6119.85
5999.20
5962.93
5940.13
5894.77
5948.45
5941.23
5972.19
6002.74
5962.65
5907.29
5854.97
5735.86
5539.72
5497.05
5563.64
5391.04
5257.80
5352.97
5413.00
5291.11
5106.52
5134.20
5216.08
5197.30
5234.06
5211.60
5258.34
5231.98
5191.12
5333.53
5227.36
5324.81
5304.94
5326.60
5280.82
5252.53
5232.51
5083.34
5156.61
5288.14
5383.59
5253.67
5351.42
5445.90
5445.90
5574.67
5532.72
5552.75
5548.57
5546.16
5553.69
5544.19
5532.25
5625.52
5715.13
5753.42
5778.02
5800.02
5839.49
5852.76
5953.91
5872.31
5954.25
6034.46
6058.00
6067.76
6030.27
6090.31
6107.39
6098.10
5968.17
5940.59
5911.09
5877.16
5836.89
5849.73
5882.05
5935.94
5898.73
5878.59
5847.67
5847.67
5847.67
5847.67
5789.65
5785.81
5824.70
5824.70
5945.87
5943.97
5874.05
5976.70
5982.54
6004.88
6024.86
6067.85
6088.70
6049.39
6071.11
5998.69
5942.37
5841.33
5845.29
5896.92
5877.01
5792.64
5732.04
5608.53
5620.84
5641.52
5685.74
5618.13
5637.21
5651.26
5610.51
5582.51
5623.11
5578.48
5555.51
5607.28
5644.98
5658.23
5570.46
5548.56
5486.35
5407.48
5218.66
5238.88
5255.65
5259.14
5225.98
5240.46
5237.40
5258.82
5270.86
5318.82
5374.94
5370.61
5391.99
5393.13
5343.57
5394.68
5360.15
5328.72
5398.06
5338.83
5365.14
5422.72
5405.04
5375.52
5305.22
5366.27
5417.49
5431.48
5529.07
5627.48
5551.44
5551.14
5476.73
5449.53
5377.89
5497.77
5471.29
5446.72
5446.72
5446.72
5413.61
5453.81
5417.94
5432.66
5438.27
5453.22
5482.49
5482.49
5512.47
5547.41
5615.00
5645.85
5649.76
5601.53
5629.73
5618.89
5654.05
5623.61
5614.41
5604.76
5638.28
5612.60
5613.67
5614.86
5614.60
5618.71
5700.87
5671.19
5697.22
5794.16
5813.53
5900.45
5937.84
5957.11
5923.22
5919.37
5938.34
5904.17
5853.84
5905.31
5884.50
5837.20
5783.80
5856.89
5887.70
5808.44
5840.78
5863.20
5869.40
5843.33
5800.82
5877.42
5872.16
5838.58
5903.17
5918.78
5832.13
5824.05
5879.10
5920.15
5895.05
5873.37
5893.27
5837.74
5790.07
5772.55
5754.60
5812.66
5807.82
5793.99
5780.18
5776.54
5776.82
5747.90
5726.37
5763.17
5727.35
5758.37
5751.69
5764.50
5822.58
5820.35
5834.19
5858.20
5922.84
5939.94
5925.85
5994.63
6018.87
6003.23
6025.97
6048.38
6036.76
5998.17
6037.70
6037.30
6043.82
6007.13
5986.25
5967.78
5973.53
5960.50
5998.08
5984.74
6010.06
5994.13
6081.24
6106.57
6135.17
6097.76
6161.37
6166.80
6109.25
6076.75
6161.89
6161.55
6218.00
6248.63
6284.97
6265.40
6264.89
6280.69
6313.10
6326.83
6370.94
6391.15
6391.58
6353.86
6383.51
6318.16
6329.57
6275.78
6250.92
6264.24
6220.12
6246.12
6259.09
6284.98
6303.82
6315.21
6360.60
6367.60
6354.72
6415.28
6429.98
6437.05
6485.46
6505.36
6532.42
6446.08
6433.00
6483.50
6466.48
6472.32
6491.45
6493.16
6513.70
6544.20
6584.71
6616.39
6627.42
6619.41
6609.16
6574.34
6575.24
6580.19
6584.55
6591.58
6589.21
6600.53
6630.85
6630.88
6643.50
6638.62
6666.81
6700.05
6710.60
6710.60
6710.60
6732.40
6739.63
6747.41
6747.41
6858.66
6900.20
6820.74
6786.51
6867.59
6868.36
6859.68
6875.18
6909.80
6935.54
6963.84
7017.08
6951.92
7000.56
6988.81
7018.31
7010.37
7052.15
7065.00
6985.19
7011.72
7023.71
7024.38
7029.14
7032.62
7158.71
7173.27
7249.91
7378.11
7338.09
7358.76
7368.26
7451.37
7575.04
7544.05
7503.73
7615.07
7650.01
7671.01
7610.23
7630.46
7667.29
7769.63
7832.92
7836.46
7815.79
7952.52
7881.02
7793.79
7595.43
7616.17
7512.38
7535.39
7674.81
7580.25
7579.25
7476.37
7443.98
7430.51
7505.35
7502.51
7488.15
7457.87
7540.45
7563.55
7631.62
7612.07
7573.43
7632.25
7635.79
7635.79
7635.79
7674.53
7641.33
7615.90
7658.17
7689.22
7696.10
7578.50
7573.04
7593.14
7550.56
7479.91
7499.35
7513.94
7500.35
7543.31
7574.92
7589.00
7537.27
7486.32
7353.83
7365.37
7323.05
7325.86
7264.68
7131.09
7204.80
7278.60
7266.74
7252.22
7234.90
7190.64
7205.47
7268.73
7194.42
7223.18
7190.05
7199.16
7221.25
7254.37
7350.54
7316.62
7296.06
7320.60
7330.81
7287.97
7311.16
7368.18
7365.26
7338.59
7351.47
7361.05
7329.09
7310.73
7321.19
7394.04
7382.27
7387.30
7337.50
7304.21
7241.81
7220.64
7178.30
7242.99
7241.81
7300.43
7340.61
7337.41
7315.02
7312.01
7209.02
7244.85
7272.69
7227.64
7203.73
7140.54
7192.85
7239.61
7231.46
7126.80
7161.65
7081.69
7049.18
7086.60
7023.53
7014.77
7055.71
7010.58
7019.87
6987.79
7016.00
6998.25
7011.45
7009.81
7046.24
7037.63
7064.25
7065.83
7087.36
7099.52
7121.19
7113.67
7111.10
7129.60
7129.72
7154.03
7189.28
7272.88
7263.32
7305.88
7355.56
7368.36
7322.35
7334.75
7326.64
7330.57
7341.16
7332.09
7299.85
7309.26
7307.50
7296.77
7375.15
7359.15
7403.77
7477.58
7506.30
7509.17
7429.27
7443.99
7431.37
7424.66
7471.75
7448.38
7414.63
7402.08
7417.89
7427.95
7447.31
7457.63
7398.98
7352.15
7406.21
7474.60
7460.94
7529.80
7561.37
7542.05
7526.93
7511.28
7530.19
7548.88
7612.31
7600.96
7614.82
7559.75
7494.91
7569.65
7536.33
7552.95
7578.21
7578.63
7588.57
7602.60
7605.34
7570.60
7523.10
7485.42
7468.48
7441.81
7430.65
7443.81
7466.95
7474.56
7504.65
7554.78
7592.14
7598.73
7596.58
7538.29
7583.10
7580.71
7579.64
7580.60
7564.94
7570.40
7573.09
7578.43
7571.85
7600.16
7604.73
7651.87
7659.45
7714.57
7786.45
7724.01
7701.63
7691.57
7721.05
7687.52
7768.53
7764.33
7819.63
7822.16
7871.28
7861.05
7843.77
7900.77
7878.41
7942.70
8016.90
8073.00
8033.60
8040.69
8043.56
8056.44
8088.63
8069.57
8051.15
8080.22
8080.22
8080.22
8080.22
8080.22
8080.22
8080.22
8080.22
8080.22
8080.22
8080.22
8080.22
8080.22
8080.22
8080.22
8080.22
8080.22
8080.22
8080.22
8080.22
8080.22
8080.22
8080.22
8080.22
8080.22
8080.22
8080.22
8080.22
8080.22
8080.22
8080.22
8080.22
8080.22
8080.22
8080.22
8080.22
8080.22
8080.22
8080.22
8080.22
8080.22
8080.22
8080.22
8080.22
8080.22
8080.22
7739.37
7754.58
7815.00
7809.37
7818.80
7817.09
7729.69
7616.37
7613.48
7607.81
7650.34
7683.78
7675.41
7685.51
7660.57
7605.89
7589.91
7598.26
7654.23
7654.09
7652.43
7665.93
7691.88
7705.61
7769.19
7791.05
7718.09
7645.10
7642.95
7608.83
7595.98
7524.04
7619.17
7493.84
7510.48
7498.28
7462.68
7398.43
7431.69
7484.00
7514.86
7494.25
7498.87
7464.13
7517.76
7509.63
7526.53
7521.38
7540.14
7500.60
7422.99
7423.81
7473.90
7510.58
7555.79
7542.92
7523.29
7530.67
7464.44
7486.63
7492.97
7461.19
7444.82
7467.04
7442.64
7501.74
7526.58
7492.42
7509.61
7485.16
7503.35
7532.88
7567.90
7598.84
7595.76
7587.79
7622.20
7694.24
7699.15
7724.09
7710.06
7692.68
7714.98
7715.23
7723.00
7755.48
7762.39
7752.69
7712.57
7776.49
7799.02
7796.99
7752.03
7713.23
7691.97
7692.31
7736.68
7817.99
7834.93
7814.78
7889.26
7918.44
7913.17
7909.11
7914.26
7867.00
7880.78
7897.25
7926.93
7915.07
7909.96
7954.22
7943.06
7915.01
7967.60
8012.58
8029.25
8024.61
8060.93
8088.64
8073.87
8081.04
8172.08
8161.88
8092.50
8105.68
8112.37
8083.43
8009.83
8037.84
8021.65
7999.25
7893.04
7907.98
7889.81
7941.05
7958.51
7907.37
7783.50
7766.32
7836.55
7865.42
7874.63
7876.02
7882.40
7920.56
7944.57
7993.10
7964.19
8021.47
8015.92
8000.58
8016.57
8026.75
8035.81
8037.60
8031.56
8061.29
8117.05
8146.78
8162.36
8176.51
8114.57
8145.20
8147.17
8163.00
8226.85
8268.62
8262.96
8247.84
8254.78
8239.08
8248.92
8317.58
8313.79
8310.94
8283.31
8484.70
8517.63
8600.53
8600.53
8593.86
8578.99
8616.31
8618.67
8602.04
8697.15
8743.88
8752.12
8774.37
8903.19
8864.59
8966.25
8893.20
8910.33
8919.12
8881.34
8824.16
8801.91
8780.85
8770.73
8745.74
8774.45
8791.93
8781.33
8772.04
8769.79
8862.89
8785.56
8809.05
8850.46
9196.92
9243.70
9242.29
9270.28
9300.43
9324.19
9368.39
9401.97
9415.46
9402.01
9456.15
9497.97
9516.79
9563.25
9587.66
9476.82
9537.22
9504.35
9492.50
9621.74
9589.59
9575.68
9610.82
9674.12
9866.64
9936.41
10146.10
10076.70
10062.60
10075.30
10090.90
10117.50
10121.70
10170.40
10158.50
10123.30
10219.70
10295.00
10262.60
10273.30
10235.80
10295.80
10267.00
10320.50
10311.40
10269.20
10249.90
10273.70
10273.70
10273.70
10250.40
10304.60
10271.30
10267.50
10270.70
10181.00
10167.00
10090.00
10052.90
10052.90
10054.70
10012.00
10041.20
10015.30
10050.50
10011.50
9991.52
9986.67
9898.37
9829.37
9715.89
9574.79
9474.06
9403.40
9328.18
9369.46
9392.37
9423.29
9561.30
9553.36
9422.63
9403.80
9391.16
9528.98
9522.55
9499.66
9590.04
9444.23
9498.59
9436.52
9267.68
9199.97
9310.80
9295.28
9328.94
9304.46
9381.85
9425.67
9440.65
9413.86
9424.08
9418.83
9457.05
9502.94
9533.51
9513.73
9470.65
9494.55
9504.43
9527.47
9507.24
9493.02
9463.09
9410.87
9381.03
9357.69
9458.00
9455.91
9453.56
9491.17
9558.54
9595.79
9638.53
9668.00
9665.43
9669.77
9708.96
9733.21
9751.73
9738.36
9773.71
9819.20
9789.67
9791.63
9831.19
9821.02
9890.98
9877.70
9903.59
9861.94
9903.79
9904.69
9898.81
9888.48
9972.55
9944.11
9964.30
9957.57
9976.99
10017.20
10006.80
9985.03
9940.43
9982.58
9937.28
9968.76
10014.50
9990.21
10033.20
10025.00
10038.40
10069.10
10095.70
10093.90
10071.30
10092.80
10241.00
10282.60
10305.50
10371.40
10333.30
10410.30
10381.00
10385.90
10412.60
10431.90
10427.70
10451.10
10455.80
10434.00
10421.10
10460.40
10442.90
10464.00
10503.50
10471.10
10564.70
10564.80
10569.60
10539.50
10515.60
10508.50
10499.60
10504.50
10589.80
10598.70
10599.70
10608.00
10601.70
10604.40
10588.00
10631.40
10622.90
10604.40
10580.00
10628.80
10611.30
10617.80
10614.60
10623.90
10590.10
10619.60
10662.60
10632.80
10667.80
10725.40
10813.10
10799.70
10818.30
10831.20
10860.60
10916.70
10970.40
11102.80
11124.50
11138.80
11091.00
11125.80
11085.30
11085.30
11085.30
11102.00
11143.10
11197.60
11197.60
11226.70
11229.60
11263.00
11243.00
11309.20
11351.00
11395.30
11488.80
11516.70
11530.60
11552.60
11605.30
11611.60
11554.40
11502.60
11496.60
11546.60
11537.00
11542.40
11587.60
11630.90
11565.10
11626.60
11626.70
11646.80
11693.00
11767.50
11805.30
11888.20
11847.10
11807.50
11861.70
11929.80
12121.00
12212.70
12231.30
12110.40
12170.10
12067.30
12051.00
11816.00
11693.00
11696.50
11599.40
11434.40
11553.90
11504.50
11611.50
11609.40
11680.90
11582.10
11372.50
11463.50
11376.90
11510.80
11508.90
11555.60
11656.00
11753.54
11794.90
11735.39
11618.16
11671.92
11653.28
11753.90
11840.92
11870.59
11871.60
11871.60
11871.60
11893.10
11886.60
11841.02
11895.77
12053.75
12044.33
12065.57
12086.92
12200.07
12146.12
12054.71
12206.45
12246.86
12283.15
12244.31
12242.48
12243.26
12325.47
12376.13
12335.04
12371.15
12304.63
12261.33
12349.01
12316.20
12316.14
12437.10
12510.28
12542.40
12680.84
12843.69
12891.55
12891.37
12994.37
13078.62
13048.58
13256.56
13204.22
13100.77
12969.35
12812.77
12709.50
12739.56
12895.97
12898.76
12948.08
13085.14
13164.54
13164.36
13180.54
13343.24
13288.07
13284.96
13373.51
13433.42
13266.19
13363.07
13384.87
13405.34
13379.33
13491.49
13414.99
13491.31
13540.21
13522.80
13456.07
13506.65
13554.22
13651.65
13702.03
13657.70
13670.76
13677.93
13687.87
13509.68
13513.55
13291.36
13248.15
13356.05
13434.18
13189.72
13283.48
13271.78
13146.03
13171.42
13380.90
13245.81
12908.37
12941.61
12797.70
12730.73
12154.50
12327.71
12503.33
12473.27
12636.32
12675.53
12708.09
12741.67
12592.00
12578.02
12559.38
12711.41
12799.06
12831.13
12764.10
12728.15
12401.61
12197.40
12306.61
12284.87
12195.42
12117.40
11878.22
11907.84
12228.20
12115.21
12160.42
12058.76
11763.44
11796.17
11981.71
12024.43
12140.64
12374.35
12612.36
12573.01
12658.43
12647.83
12690.66
12682.43
12814.35
12815.18
12731.42
12642.88
12752.05
12785.45
12748.04
12623.92
12752.80
12643.00
12732.01
12894.48
12983.55
12987.47
13005.46
12910.98
12816.86
12740.70
12916.50
12864.85
13044.65
13323.86
13270.10
13194.30
13237.69
13122.34
13085.49
12901.11
12885.29
12731.83
12879.26
13013.89
12922.18
12877.48
13096.00
13064.47
13120.68
13203.91
13156.42
13155.01
13098.41
13116.35
13045.76
13093.79
13061.73
12835.53
13065.17
13119.20
13092.06
13014.51
12936.79
13069.87
13166.29
13095.18
13038.34
13019.36
12892.73
12763.76
12614.57
12588.78
12636.55
12414.36
12327.73
12095.33
12129.16
11893.35
11526.78
11517.82
11493.75
10823.12
10963.97
10684.47
11004.28
11121.13
11088.32
11359.42
11235.33
11163.91
11354.40
11477.77
11078.21
11206.81
11138.69
11205.41
11084.55
11261.82
11321.31
11368.37
11282.34
11313.16
11300.43
11182.46
11154.07
10999.09
11077.10
11169.29
11123.51
10968.27
10952.58
10639.47
10782.35
10756.89
10711.28
10511.63
10507.69
10496.77
10264.13
10169.25
10066.53
10059.91
10049.26
10427.37
10410.11
10466.01
10546.07
10495.94
10669.84
10871.57
10897.67
10848.73
10984.98
10986.32
11010.61
11009.93
10977.13
10919.21
11037.30
11104.67
11078.27
11183.68
11119.70
11128.60
11038.05
10998.20
11085.99
11115.93
10976.30
10917.37
11101.18
11012.60
11148.43
11294.07
11247.38
11177.26
11120.49
11142.21
11135.23
11020.04
11004.93
11032.37
10906.19
10901.69
10907.43
10809.99
10743.88
10666.48
10641.17
10590.97
10597.88
10529.91
10539.24
10390.54
10405.06
10278.32
10211.12
10202.84
10088.33
10174.11
10155.89
10158.65
10205.87
10088.71
9847.92
9657.83
9583.51
9344.09
9496.38
9230.31
9004.24
8904.14
8486.91
8721.85
8694.85
8553.70
8697.04
8689.33
8851.71
8678.10
8456.70
8325.44
8011.54
8124.26
8408.88
8674.27
8815.73
8663.99
8777.31
8644.46
8613.12
8496.49
8407.55
8460.89
8496.58
8384.85
8290.89
8293.77
8185.33
8343.01
8364.83
8573.07
8639.92
8506.49
8561.96
8584.53
8538.04
8349.07
8386.64
8360.44
8499.20
8466.31
8470.62
8459.99
8555.41
8600.31
8625.62
8660.41
8754.13
8584.26
8354.13
8592.64
8430.17
8287.74
8242.10
8356.23
8096.37
8103.67
7951.80
7698.53
8316.61
8320.32
8190.49
8178.48
8235.77
8190.10
7885.87
8033.23
7999.71
7832.91
7715.52
6954.87
6870.56
6620.51
6677.91
6281.03
6921.48
7229.99
7008.86
6652.89
6689.23
6824.99
6706.84
6400.88
6322.82
5966.65
5801.76
5813.35
6227.13
6254.92
6360.51
6574.14
6972.78
6824.58
6544.54
6668.80
6690.99
6603.91
6510.67
6527.69
6573.01
6478.38
6482.01
6272.11
6028.04
5852.15
6108.62
6121.35
6135.03
6231.47
6300.41
6212.27
6170.22
6243.49
6259.25
6021.55
6174.99
6227.71
6194.34
6178.13
6100.80
6137.33
6160.85
6245.03
6274.23
6211.90
6208.88
6217.00
6234.24
6289.73
6357.78
6341.34
6427.51
6565.13
6696.88
6693.47
6607.36
6592.21
6529.68
6495.24
6278.14
6342.27
6446.08
6363.10
6294.31
6224.03
6263.83
6294.20
6353.41
6299.82
6401.76
6402.96
